spawns: 
  default: 
    world: spawn
    x: -111.44957378513648
    y: 21.0
    z: -221.62901718286594
    yaw: 0.14990683
    pitch: 3.8999982
