world: ddc760f5-a4ed-4d08-8496-1fcb555a9f10
world-name: world
x: -56.15523369268975
y: 92.0
z: -45.2275532988147
yaw: 66.58329772949219
pitch: 2.8048291206359863
name: ada
lastowner: 079018f5-6389-3a1e-a8b8-f279c1db75fa
