world: ddc760f5-a4ed-4d08-8496-1fcb555a9f10
world-name: world
x: -45.264680558665745
y: 92.0
z: 13.629016278115587
yaw: -21.0883846282959
pitch: 13.585226058959961
name: yararlı
lastowner: 079018f5-6389-3a1e-a8b8-f279c1db75fa
