world: ddc760f5-a4ed-4d08-8496-1fcb555a9f10
world-name: world
x: -2.434447629232819
y: 98.0
z: -15.414999736435771
yaw: -151.5198974609375
pitch: 2.699676513671875
name: zararlı
lastowner: 079018f5-6389-3a1e-a8b8-f279c1db75fa
