spawns: 
  default: 
    world: world
    x: 0.4699783473233754
    y: 65.0
    z: 0.5909703107308562
    yaw: 180.60126
    pitch: 1.3469003
