spawn:
  world: world
  x: -32.54497521815289
  y: 91.0
  z: -53.50591695489855
  yaw: 57.73446
  pitch: 1.4546533
firstspawn:
  world: world
  x: -32.54497521815289
  y: 91.0
  z: -53.50591695489855
  yaw: 57.73446
  pitch: 1.4546533
