world: ddc760f5-a4ed-4d08-8496-1fcb555a9f10
world-name: world
x: -55.297341637791874
y: 92.0
z: -35.567493389361616
yaw: 76.63378143310547
pitch: 3.254833221435547
name: ihale
lastowner: 079018f5-6389-3a1e-a8b8-f279c1db75fa
