world: ddc760f5-a4ed-4d08-8496-1fcb555a9f10
world-name: world
x: -44.54977016678858
y: 92.0
z: -25.663973415945254
yaw: -66.91586303710938
pitch: -0.6451721787452698
name: kasa
lastowner: 079018f5-6389-3a1e-a8b8-f279c1db75fa
