world: ddc760f5-a4ed-4d08-8496-1fcb555a9f10
world-name: world
x: -44.567269882550384
y: 92.0
z: -4.4480928475814165
yaw: -100.21420288085938
pitch: 1.7548611164093018
name: market
lastowner: 079018f5-6389-3a1e-a8b8-f279c1db75fa
